880.00
880.00
880.00
815.00
815.00
815.00
751.00
751.00
799.00
799.00
799.00
781.00
781.00
815.00
815.00
815.00
833.00
833.00
833.00
760.00
760.00
828.00
828.00
828.00
809.00
809.00
620.00
620.00
620.00
580.00
580.00
580.00
580.00
580.00
627.00
627.00
627.00
721.00
721.00
817.00
817.00
817.00
839.00
839.00
1075.00
1075.00
1075.00
1169.00
1169.00
985.00
985.00
985.00
816.00
816.00
868.00
868.00
868.00
944.00
944.00
900.00
900.00
900.00
734.00
734.00
663.00
663.00
663.00
606.00
606.00
606.00
534.00
534.00
532.00
532.00
532.00
561.00
561.00
685.00
685.00
685.00
736.00
736.00
736.00
755.00
755.00
738.00
738.00
738.00
772.00
772.00
887.00
887.00
887.00
1014.00
1014.00
1002.00
1002.00
1002.00
800.00
800.00
843.00
843.00
843.00
935.00
935.00
963.00
963.00
963.00
850.00
850.00
845.00
845.00
845.00
764.00
764.00
764.00
616.00
616.00
492.00
492.00
492.00
436.00
436.00
538.00
538.00
538.00
564.00
564.00
564.00
618.00
618.00
647.00
647.00
647.00
675.00
675.00
793.00
793.00
793.00
891.00
891.00
1117.00
1117.00
1117.00
1214.00
1214.00
1090.00
1090.00
983.00
983.00
983.00
1024.00
1024.00
1000.00
1000.00
941.00
941.00
941.00
1005.00
1005.00
1030.00
1030.00
1030.00
888.00
888.00
822.00
822.00
822.00
840.00
840.00
699.00
699.00
699.00
479.00
479.00
321.00
321.00
321.00
238.00
238.00
238.00
226.00
226.00
311.00
311.00
311.00
314.00
314.00
349.00
349.00
349.00
341.00
341.00
341.00
357.00
357.00
481.00
481.00
481.00
679.00
679.00
832.00
832.00
832.00
1162.00
1162.00
1118.00
1118.00
1118.00
1147.00
1147.00
1264.00
1264.00
1311.00
1311.00
1244.00
1244.00
1244.00
1160.00
1160.00
1247.00
1247.00
1447.00
1447.00
1409.00
1409.00
1409.00
1277.00
1277.00
1163.00
1163.00
953.00
953.00
953.00
596.00
596.00
313.00
313.00
313.00
43.00
43.00
43.00
-125.00
-125.00
-131.00
-131.00
-131.00
-18.00
-18.00
105.00
105.00
105.00
92.00
92.00
37.00
37.00
37.00
59.00
59.00
59.00
265.00
265.00
265.00
470.00
470.00
470.00
734.00
734.00
1196.00
1196.00
1196.00
1791.00
1791.00
1997.00
1997.00
1785.00
1785.00
1454.00
1454.00
1454.00
1191.00
1191.00
969.00
969.00
766.00
766.00
766.00
649.00
649.00
649.00
589.00
589.00
543.00
543.00
543.00
559.00
559.00
612.00
612.00
612.00
689.00
689.00
793.00
793.00
793.00
830.00
830.00
830.00
861.00
861.00
872.00
872.00
872.00
878.00
878.00
880.00
880.00
880.00
844.00
844.00