0.0000
-0.0010
-0.0004
0.0004
0.0006
0.0020
0.0025
-0.0007
-0.0049
-0.0075
-0.0073
0.0004
0.0178
0.0417
0.0714
0.1073
0.1474
0.1921
0.2434
0.2975
0.3493
0.3970
0.4365
0.4648
0.4847
0.4972
0.5005
0.4959
0.4841
0.4628
0.4340
0.3977
0.3542
0.3050
0.2507
0.1917
0.1296
0.0656
-0.0000
-0.0656
-0.1296
-0.1917
-0.2507
-0.3050
-0.3542
-0.3977
-0.4339
-0.4628
-0.4841
-0.4969
-0.5009
-0.4969
-0.4841
-0.4628
-0.4340
-0.3977
-0.3542
-0.3050
-0.2507
-0.1917
-0.1296
-0.0656
0.0000
0.0656
0.1296
0.1917
0.2507
0.3050
0.3542
0.3977
0.4339
0.4628
0.4841
0.4969
0.5009
0.4969
0.4841
0.4628
0.4340
0.3977
0.3542
0.3050
0.2507
0.1917
0.1296
0.0656
-0.0000
-0.0656
-0.1296
-0.1917
-0.2507
-0.3050
-0.3542
-0.3977
-0.4340
-0.4628
-0.4841
-0.4969
-0.5009
-0.4969
-0.4841
-0.4628
-0.4340
-0.3977
-0.3542
-0.3050
-0.2507
-0.1917
-0.1296
-0.0656
0.0000
0.0656
0.1296
0.1917
0.2507
0.3050
0.3542
0.3977
0.4340
0.4628
0.4841
0.4969
0.5009
0.4969
0.4841
0.4628
0.4340
0.3977
0.3542
0.3050
0.2507
0.1917
0.1296
0.0656
0.0000
-0.0656
-0.1296
-0.1917
-0.2507
-0.3050
-0.3542
-0.3977
-0.4339
-0.4628
-0.4841
-0.4969
-0.5009
-0.4969
-0.4841
-0.4628
-0.4339
-0.3977
-0.3542
-0.3050
-0.2507
-0.1917
-0.1296
-0.0656
-0.0000
0.0656
0.1296
0.1917
0.2507
0.3050
0.3542
0.3977
0.4340
0.4628
0.4841
0.4969
0.5009
0.4969
0.4841
0.4628
0.4339
0.3977
0.3542
0.3050
0.2507
0.1917
0.1296
0.0656
0.0000
-0.0656
-0.1296
-0.1917
-0.2507
-0.3050
-0.3542
-0.3977
-0.4339
-0.4628
-0.4841
-0.4969
-0.5009
-0.4969
-0.4841
-0.4628
-0.4340
-0.3977
-0.3542
-0.3050
-0.2507
-0.1917
-0.1296
-0.0656
0.0000
0.0656
0.1296
0.1917
0.2507
0.3050
0.3542
0.3977
0.4339
0.4628
0.4841
0.4969
0.5009
0.4969
0.4841
0.4628
0.4340
0.3977
0.3542
0.3050
0.2507
0.1917
0.1296
0.0656
0.0000
-0.0656
-0.1296
-0.1917
-0.2507
-0.3050
-0.3542
-0.3977
-0.4340
-0.4628
-0.4841
-0.4969
-0.5009
-0.4969
-0.4841
-0.4628
-0.4339
-0.3977
-0.3542
-0.3050
-0.2507
-0.1917
-0.1296
-0.0656
-0.0000
0.0656
0.1296
0.1917
0.2507
0.3050
0.3542
0.3977
0.4339
0.4628
0.4841
0.4969
0.5009
0.4969
0.4841
0.4628
0.4339
0.3977
0.3542
0.3050
0.2507
0.1917
0.1296
0.0656
0.0000
-0.0656
-0.1296
-0.1917
-0.2507
-0.3050
-0.3542
-0.3977
-0.4340
-0.4628
-0.4841
-0.4969
-0.5009
-0.4969
-0.4841
-0.4628
-0.4340
-0.3977
-0.3542
-0.3050
-0.2507
-0.1917
-0.1296
-0.0656
0.0000
0.0656
0.1296
0.1917
0.2507
0.3050
0.3542
0.3977
0.4340
0.4628
0.4841
0.4969
0.5009
0.4969
0.4841
0.4628
0.4340
0.3977